65 30 272
68 31 267
46 15 267
66 17 270
66 22 271
66 20 259
43 9 250
58 -2 251
53 1 262
47 5 265
64 15 270
83 14 210
63 45 174
25 87 122
-7 135 97
-76 224 54
-97 305 31
-123 391 -6
-194 430 -22
-171 484 -14
-216 423 -7
-211 372 44
-244 335 60
-367 310 57
-222 215 56
-211 330 -1
-129 365 -14
-103 374 -20
-89 379 -34
-67 337 -46
-51 311 -32
204 329 -134
147 319 -102
26 417 -33
-36 385 -16
-61 351 -4
-130 381 -19
-222 320 40
-179 361 94
-295 293 56
-283 391 4
-139 391 -47
-116 441 -79
-48 442 -50
-40 403 -84
-46 348 -65
-57 281 -72
148 140 -94
165 249 -138
-39 454 -112
-64 507 -26
-82 419 -17
-88 399 5
-128 356 47
-141 315 51
-374 271 30
-230 453 21
-159 406 -60
-108 452 -97
-78 401 -74
-54 370 -63
-38 333 -49
-35 268 -19
27 197 -35
63 236 -37
-25 273 -65
-93 371 -45
-142 323 -36
-98 276 -52
-95 335 -4
-142 329 -17
-196 362 41
-301 336 38
-306 415 41
-169 354 39
-172 406 -23
-125 347 -98
-103 387 -89
-124 396 -129
-89 330 -140
-43 282 -130
33 215 -130
190 118 -23
64 211 100
-45 511 100
-13 485 54
-89 402 85
-80 353 173
-156 253 137
-124 296 115
-181 475 79
-152 428 -19
-153 511 -63
-186 456 -96
-133 475 -163
-116 433 -187
-98 417 -224
-9 274 -149
3 161 -103
157 82 -2
54 288 72
9 511 136
7 468 53
-36 412 85
-73 379 136
-145 335 96
-198 331 74
-190 297 36
-241 394 -42
-165 370 -220
-127 355 -172
-135 321 -115
-96 302 -89
-67 277 -96
-55 292 -66
19 260 -66
39 281 -121
11 329 -73
-43 358 -5
-25 323 -9
-54 293 45
-108 299 76
-154 329 58
-288 350 38
-296 385 11
-191 392 -10
-104 442 -64
-67 385 -69
-46 313 -65
-45 278 -64
-43 275 -75
-26 221 -72
88 237 -69
37 302 -117
-61 428 -49
-48 375 -3
-35 352 -9
-113 385 42
-184 350 84
-166 344 50
-298 299 23
-239 423 45
-119 422 -18
-67 432 -59
-95 398 -37
-52 339 -76
-43 351 -50
-31 275 -43
155 183 -57
75 324 -109
11 439 -39
-50 452 -35
-70 391 -6
-154 378 -7
-202 324 35
-230 345 18
-311 264 10
-198 369 51
-121 405 -12
-116 472 -86
-68 475 -85
-44 363 -62
-34 299 -45
24 223 -16
70 200 -43
41 325 -68
-45 406 -20
-63 427 -37
-92 402 -20
-85 370 3
-138 356 0
-198 328 17
-256 337 9
-341 336 -3
-187 288 12
-147 426 -7
-119 438 -47
-69 393 -56
-55 355 -38
-52 298 -30
1 282 -36
125 244 -48
36 289 -50
-32 397 -14
-37 394 -17
-65 375 1
-121 380 14
-182 335 25
-240 349 22
-304 342 -9
-247 319 23
-134 391 12
-80 382 -39
-80 403 -31
-66 362 -42
-32 326 -41
40 278 -39
111 194 -28
55 284 -79
-49 418 -28
-83 397 1
-62 336 -11
-103 344 -5
-173 368 13
-210 336 4
-264 282 25
-284 369 50
-170 332 14
-94 430 -16
-87 401 -41
-64 373 -57
-44 357 -49
-23 314 -47
93 210 -67
121 274 -59
3 335 -89
-70 385 -6
-56 329 3
-79 350 16
-134 368 28
-194 354 17
-285 326 35
-287 413 40
-167 297 27
-108 378 -2
-89 353 -38
-68 324 -41
-60 344 -53
-50 317 -51
-46 310 -41
160 318 -142
70 327 -64
-38 382 2
-28 381 -27
-64 373 -20
-147 383 34
-184 340 7
-289 343 31
-344 328 25
-184 323 30
-150 431 1
-109 476 -50
-76 416 -57
-52 385 -56
-45 333 -43
32 260 -27
215 180 -56
91 305 -129
-46 455 -28
-66 436 -38
-92 409 -8
-154 403 -10
-171 340 33
-270 323 -1
-312 238 -16
-267 342 16
-170 414 -20
-95 435 -45
-84 412 -38
-56 395 -61
-51 374 -53
-28 318 -50
184 193 -54
105 296 -147
-42 439 -62
-74 428 -14
-71 390 -29
-126 399 5
-184 354 13
-215 318 39
-339 274 8
-330 385 25
-202 344 12
-136 471 -31
-97 469 -57
-74 418 -60
-52 374 -49
-45 295 -59
68 256 -40
203 189 -74
13 309 -122
-87 418 -26
-108 420 -32
-126 391 38
-156 358 15
-169 328 32
-285 313 4
-336 298 8
-214 324 17
-164 442 -32
-112 428 -68
-72 370 -57
-48 336 -56
-43 304 -61
-22 284 -60
58 197 -30
51 232 -93
-44 343 -73
-73 368 -8
-98 354 -23
-82 329 -2
-116 333 26
-183 354 -26
-288 335 19
-295 361 45
-213 313 23
-133 405 -17
-81 376 -40
-48 335 -59
-43 318 -57
-68 304 -82
-43 281 -91
100 256 -110
55 276 -62
-81 384 24
-28 366 -11
-47 338 29
-129 350 83
-162 302 61
-202 276 62
-203 283 43
-274 434 25
-180 426 -47
-182 460 -126
-180 416 -190
-146 359 -170
-86 364 -175
-57 314 -166
73 166 -89
150 132 -67
25 320 -17
-35 511 4
-49 511 33
-91 426 60
-130 344 106
-164 260 75
-249 238 54
-251 278 51
-273 508 -8
-163 473 -130
-218 511 -222
-191 429 -242
-77 331 -161
-77 347 -165
-71 267 -133
115 166 -126
64 211 -37
-36 473 12
-36 511 36
-20 400 54
-71 350 83
-128 312 103
-141 259 50
-252 330 18
-211 350 24
-201 337 14
-169 474 -187
-109 432 -143
-106 408 -124
-51 302 -102
-45 243 -59
-39 272 -76
51 227 -77
50 263 -87
-34 381 -28
-80 452 9
-42 396 -1
-73 356 58
-118 316 57
-155 311 21
-252 324 27
-188 320 51
-182 343 41
-124 460 -72
-81 431 -63
-62 389 -51
-39 342 -66
-37 314 -47
63 256 -46
81 248 -39
37 278 -83
-58 410 -21
-50 424 -28
-61 369 36
-132 351 5
-155 330 2
-185 323 5
-269 296 -6
-307 388 8
-143 349 -1
-101 401 -23
-86 394 -48
-41 401 -29
-25 339 -34
-36 289 -29
86 193 -5
140 292 -75
-3 416 -121
-78 456 -39
-44 400 -17
-58 338 -31
-119 355 -28
-155 342 -3
-231 322 4
-264 263 -2
-256 311 26
-151 397 -18
-114 442 -61
-73 427 -67
-45 407 -60
-33 325 -39
21 278 -54
97 209 -33
80 291 -99
-33 397 -56
-39 392 -12
-53 381 -21
-103 372 10
-159 342 3
-191 332 -11
-259 288 -27
-268 343 -7
-177 299 -3
-135 389 -25
-92 382 -48
-47 380 -35
-53 364 -37
-43 330 -44
5 280 -39
113 255 -29
76 272 -80
-8 377 -43
-40 358 12
-28 321 -17
-83 348 -14
-173 381 29
-249 328 3
-212 315 25
-250 370 39
-162 324 -1
-135 406 -27
-93 380 -31
-47 373 -53
-38 363 -41
-22 324 -52
116 227 -56
160 286 -112
4 391 -91
-71 406 6
-28 369 -32
-65 361 8
-146 374 12
-188 320 11
-262 318 0
-298 371 5
-163 321 30
-124 384 3
-102 422 -50
-53 421 -39
-31 375 -50
-41 350 -50
98 226 -28
137 192 -26
61 333 -128
-90 428 -21
-44 384 -28
-63 344 -18
-77 321 -3
-129 325 24
-155 315 10
-242 318 15
-262 389 40
-136 298 20
-126 414 -16
-80 384 -33
-36 336 -43
-40 291 -52
-18 290 -51
37 270 -51
98 301 -114
13 289 -83
-74 367 -12
-34 349 -15
-54 299 -7
-107 337 13
-168 307 0
-219 317 34
-230 322 67
-211 376 73
-142 396 -7
-89 428 -20
-68 408 -28
-50 343 -53
-37 315 -53
3 289 -58
83 204 -45
113 225 -69
-47 366 -119
-101 395 1
-38 363 -19
-40 302 0
-60 348 14
-136 370 16
-251 344 43
-238 366 48
-149 368 48
-94 386 -7
-68 368 -29
-34 332 -22
-24 318 -36
-15 296 -53
17 234 -70
78 283 -99
16 270 -81
-70 381 -10
-43 354 -4
-44 320 11
-90 309 36
-144 298 -14
-180 333 3
-218 322 22
-252 374 42
-164 348 14
-110 391 -11
-70 372 -19
-41 343 -31
-36 291 -44
-39 278 -51
9 266 -79
85 303 -114
46 232 -97
-51 399 11
-11 364 -20
-49 329 33
-83 346 85
-124 313 70
-179 322 75
-230 279 76
-198 453 37
-114 434 2
-122 419 -51
-94 361 -107
-68 326 -83
-64 302 -87
-70 310 -123
-5 258 -98
118 169 -129
46 218 -50
-90 468 33
-26 471 54
-37 417 32
-104 388 74
-217 304 109
-262 255 141
-64 294 165
-143 511 33
-149 446 -42
-163 459 -90
-133 381 -126
-119 413 -150
-81 395 -147
-56 309 -136
27 245 -88
115 181 -81
102 104 -26
-17 403 -7
-38 479 56
-48 456 16
-70 412 108
-108 379 179
-101 338 208
-218 352 109
-302 504 -16
-179 373 -100
-218 401 -177
-224 372 -197
-129 402 -172
-91 392 -151
-64 381 -147
-23 287 -121
46 237 -44
98 140 -9
5 293 59
-23 372 62
-38 365 49
-64 392 36
-125 406 102
-213 356 9
-257 386 66
-347 390 51
-189 317 -12
-147 380 -15
-100 357 -53
-68 323 -67
-58 312 -64
-51 319 -82
61 267 -67
110 296 -122
55 300 -86
-8 366 -13
-44 340 -21
-62 322 -1
-112 353 36
-208 319 41
-249 417 87
-266 392 70
-196 298 32
-131 422 -18
-90 400 -33
-51 357 -57
-49 325 -54
-31 300 -67
18 291 -31
179 169 -63
28 297 -121
-56 425 -34
-38 389 -6
-34 339 -7
-80 381 11
-186 388 -10
-257 360 21
-302 271 33
-310 369 32
-165 393 -4
-105 437 -39
-64 411 -67
-46 361 -71
-33 338 -59
-38 298 -78
38 225 -57
88 253 -76
28 314 -70
-62 419 9
-31 382 -3
-59 339 28
-137 353 32
-164 295 11
-242 329 8
-273 343 -9
-163 305 11
-119 401 -17
-94 383 -61
-63 381 -69
-37 349 -39
-25 299 -51
9 285 -74
64 226 -24
31 254 -72
-33 390 -14
-56 396 -6
-65 348 -1
-97 348 -5
-139 348 12
-206 319 -11
-243 278 -4
-274 351 26
-186 329 -2
-121 416 -24
-76 390 -49
-53 365 -58
-26 342 -44
-26 290 -56
47 263 -37
134 292 -112
26 322 -81
-96 372 -20
-51 369 -25
-58 361 14
-158 394 46
-208 302 31
-244 295 28
-285 331 24
-154 311 14
-101 415 -22
-114 412 -61
-60 368 -66
-36 345 -39
-35 282 -49
-10 278 -38
129 284 -59
71 290 -94
-15 389 -66
-41 395 -16
-55 360 -4
-123 374 8
-174 343 6
-264 363 21
-328 306 7
-235 357 42
-159 375 4
-98 404 -43
-79 402 -55
-42 379 -60
-37 341 -46
29 299 -46
147 210 -47
83 299 -128
-40 416 -55
-52 416 -12
-84 349 13
-118 368 7
-138 327 32
-220 320 8
-292 264 -9
-277 387 40
-156 375 14
-114 416 -44
-85 397 -50
-34 368 -54
-36 327 -50
-51 303 -53
76 247 -51
118 267 -99
41 339 -78
-56 443 -9
-35 409 -29
-43 372 29
-102 382 22
-195 331 -12
-221 327 14
-230 262 1
-199 317 18
-140 384 1
-109 417 -24
-57 406 -36
-40 372 -27
-36 330 -21
33 265 -39
88 223 -31
37 298 -101
-52 373 -47
-38 350 -21
-66 318 -4
-93 355 -6
-187 358 1
-179 303 30
-236 305 45
-305 390 41
-141 355 46
-96 412 10
-79 395 -15
-29 338 -38
-35 296 -35
-34 244 -19
29 226 -28
51 306 -77
10 282 -82
-63 376 1
-60 359 -23
-57 312 -1
-108 356 -1
-172 322 4
-238 339 27
-254 297 0
-206 356 8
-153 376 -14
-117 399 -53
-74 373 -61
-45 330 -38
-48 283 -27
-48 283 -46
-21 245 -45
27 262 -59
-29 301 -35
-57 308 -18
-53 295 7
-53 278 -1
-130 354 30
-163 341 -35
-186 355 40
-262 401 40
-210 328 13
-125 336 24
-87 364 3
-49 324 -21
-33 308 -14
-38 284 -36
-38 259 -32
1 218 -25
26 237 -41
-34 335 -54
-50 380 -36
-54 349 -12
-65 310 0
-83 325 -25
-155 317 -42
-200 315 -19
-197 272 13
-294 338 56
-168 288 77
-173 511 58
-39 496 58
-17 437 51
-7 281 53
2 230 24
26 189 15
35 208 -9
-23 299 -61
-103 385 -53
-147 438 -80
-107 369 -56
-106 366 -56
-159 303 -139
-189 273 -134
-218 270 -96
-298 362 6
-185 242 101
-265 357 112
-148 465 135
-82 347 127
-69 279 83
-48 224 53
-36 208 33
-27 204 7
1 272 -53
-41 292 -81
-56 339 -53
-73 375 -24
-77 357 -33
-112 339 -30
-128 335 -2
-205 319 24
-291 300 -7
-248 305 77
-193 340 52
-144 413 -34
-74 425 -29
-33 360 -31
-37 311 -46
22 256 -48
49 187 -9
62 295 -85
-16 406 -97
-64 390 -10
-49 356 -19
-70 349 -35
-130 393 -5
-368 385 54
-304 340 118
-288 320 82
-203 339 -4
-133 440 -43
-91 429 -68
-82 413 -60
-39 369 -67
-16 337 -43
82 209 -22
147 151 -33
91 295 -135
-57 500 -44
-57 434 -4
-80 408 -5
-98 390 -5
-168 404 8
-235 304 43
-289 284 34
-286 373 38
-183 355 16
-132 480 -35
-102 476 -87
-38 367 -75
-35 322 -59
-42 275 -66
56 215 -43
152 209 -62
53 301 -106
-95 455 -9
-30 463 -20
-70 433 3
-167 424 12
-159 311 35
-203 312 32
-374 254 -28
-245 428 45
-146 412 6
-121 443 -35
-113 430 -78
-42 399 -72
-42 369 -54
-32 304 -62
79 236 -66
166 240 -137
19 316 -119
-53 453 -7
-57 451 -40
-70 386 30
-123 391 17
-172 337 8
-288 343 36
-304 286 29
-231 364 43
-132 372 19
-145 442 -79
-91 439 -85
-47 438 -59
-21 376 -62
17 308 -98
246 116 -48
173 266 -125
-42 500 -49
-30 504 -36
-44 462 -25
-116 446 -10
-164 364 12
-187 320 15
-322 277 49
-259 390 73
-164 337 30
-147 487 -25
-118 454 -83
-63 417 -71
-59 397 -49
-31 297 -54
25 281 -50
178 192 -35
47 254 -93
-37 412 -15
-40 457 -49
-74 453 -25
-158 466 -16
-192 373 20
-228 352 31
-349 243 -13
-257 318 42
-165 426 -15
-131 476 -71
-78 448 -63
-37 414 -59
-39 355 -61
2 299 -80
110 208 -37
108 245 -107
-35 393 -16
-50 423 -21
-53 439 -32
-109 471 -9
-193 431 -24
-237 382 -5
-345 249 -30
-295 326 6
-186 302 19
-142 478 -48
-83 465 -67
-57 461 -49
-44 397 -62
-41 339 -47
116 240 -41
189 176 -53
3 299 -109
-61 415 -44
-52 427 -46
-81 411 -26
-119 425 -4
-194 382 17
-286 389 0
-331 255 1
-210 293 27
-159 407 -13
-111 429 -48
-71 427 -55
-49 415 -57
-40 393 -64
-52 332 -43
203 160 -70
100 244 -156
-9 426 -90
-46 469 -49
-58 438 -8
-80 415 7
-155 352 15
-198 335 44
-279 279 54
-287 342 51
-158 350 11
-121 491 -39
-85 483 -74
-62 447 -57
-51 364 -56
-43 296 -47
51 302 -43
229 217 -85
50 334 -109
-106 478 -53
-42 443 -39
-40 434 -34
-172 401 -63
-209 342 -29
-316 340 1
-292 283 39
-185 323 34
-164 463 -12
-86 500 -56
-57 425 -45
-33 365 -49
-39 344 -49
89 260 -56
222 237 -69
19 329 -140
-75 441 -43
-15 413 -19
